   2.0000000e+00  -7.6296810e-01   2.3492835e+00   9.7338721e-02   2.5544502e+00  -7.0360804e-01  -9.3887406e-01
   2.0000000e+00   4.1516809e-01  -2.6684235e+00   8.2978410e-01   2.3344477e+00   1.3220988e-01   3.1095607e-01
   2.0000000e+00   1.6789317e+00  -5.7638352e-01   5.0807691e-01  -2.3360926e-02   7.2373419e-01   3.4352514e-01
   2.0000000e+00   1.8008523e-01   2.1847218e-01   3.7681212e-01  -4.3675519e-02  -1.2124415e+00  -9.4081484e-01
   2.0000000e+00  -1.1427205e-02   2.7756434e-01   1.6010389e+00   7.0869952e-01   2.1674617e+00  -7.8121586e-01
   2.0000000e+00   1.3713794e+00   1.3591674e+00  -1.3009955e+00  -3.7969680e-01   1.6501160e-01   3.9502479e-01
   2.0000000e+00   2.3902728e+00   1.9515835e+00   2.3684674e-01   1.1337932e+00  -7.0910767e-01  -1.5944152e+00
   2.0000000e+00  -7.4969419e-02  -1.0187305e+00   4.6344687e-02  -4.5981391e-01   2.0523676e+00  -1.6263882e+00
   2.0000000e+00  -5.9546888e-01   1.1556070e+00   1.2156649e+00   2.4259212e+00  -5.8558635e-01  -1.4544047e+00
   2.0000000e+00   1.5437779e+00  -6.3497994e-02   1.2862964e-01   9.2827354e-01   3.9052462e-01   3.5667520e-01
   2.0000000e+00   1.1107681e+00  -2.2546023e-02  -5.7396976e-01   1.2216222e+00   1.1318319e-01  -6.4365668e-01
   2.0000000e+00  -7.5664712e-01  -2.1261403e-01   6.8996862e-01  -1.1309512e+00   7.1401886e-01   1.0619034e+00
   2.0000000e+00   1.9257013e+00   3.3743157e-01  -4.1936011e-01  -1.6614907e+00  -1.3787026e-01  -5.6766250e-01
   1.0000000e+00   4.5261314e-01  -7.7046871e-01  -1.2768694e+00  -4.6672358e-01  -5.0571323e-01   3.6898887e-01
   2.0000000e+00   2.4597682e-01  -5.6078671e-01   4.8591875e-02   7.1157558e-02  -1.2454848e+00  -2.6749125e-01
   2.0000000e+00   8.4204228e-01   7.9975513e-01   5.3787474e-01  -1.5888914e+00   8.1254978e-01   6.1123236e-01
   2.0000000e+00  -1.4346162e+00  -5.6410259e-01   2.1187996e-01  -3.8986837e-02  -5.0292147e-01   4.1736499e-01
   1.0000000e+00   4.8134325e-02  -6.4950129e-01  -1.3175656e+00   2.1662774e+00   3.6873767e-01   1.3986687e+00
   2.0000000e+00  -1.0549330e-01   5.7365765e-01   5.2980644e-02  -1.2313137e+00   1.5458756e+00  -3.6396428e-01
   2.0000000e+00  -2.1474072e-01   3.4513263e-02   1.2293045e-01  -5.2977493e-01   4.7908481e-02   2.9034496e+00
   2.0000000e+00   1.6838223e+00   7.4299795e-01  -2.8159500e+00   3.5219941e-01   4.3916405e-01  -1.4851036e+00
   2.0000000e+00   1.9596587e+00   2.9028849e+00  -8.9736641e-01  -1.1674143e+00   8.0015578e-01   1.0099782e+00
   2.0000000e+00   2.1682981e+00  -2.6784395e-01   1.1139756e-01  -3.0143908e+00  -1.7988651e+00   4.6040066e-01
   2.0000000e+00  -3.3382991e-01   8.5163983e-01   1.3201338e+00   2.4151437e-01  -1.3741680e+00  -7.5012421e-01
   2.0000000e+00   1.2628657e+00   1.4849199e+00  -4.6295998e-01  -5.0201677e-01  -2.9216870e-01  -6.0657143e-01
   2.0000000e+00   7.6312891e-01  -1.7668473e-01  -8.7548278e-01  -9.4868523e-01  -1.8409274e+00  -1.2225000e+00
   2.0000000e+00  -4.6682556e-01  -8.2780795e-01   1.7814595e-01   1.6914422e-01   2.4752088e-01  -8.5915001e-01
   2.0000000e+00  -2.7277277e-01  -1.1552895e+00  -5.8898074e-01   3.2482717e-01  -8.2253240e-01   9.4789099e-02
   2.0000000e+00   3.9014567e-01   2.2710344e+00   8.4726970e-01  -7.2771192e-01   4.3090953e-01  -1.9321119e+00
   2.0000000e+00  -2.8502875e-01  -1.4820340e+00   4.2586274e-01  -4.2280059e-01  -6.0349619e-01  -6.0105679e-01
   2.0000000e+00  -2.8245333e-01  -4.9048705e-01   1.5903290e+00   6.2320627e-01  -1.2477145e+00  -1.3672142e+00
   2.0000000e+00  -1.6834027e+00  -5.2441012e-01   5.7639893e-01   9.7903178e-01   8.1969958e-01   6.4449047e-02
   2.0000000e+00  -6.6130751e-01   8.3659584e-01   8.9205358e-01  -2.7446142e-01  -1.0372929e+00  -7.4868443e-01
   2.0000000e+00  -7.2212545e-01   1.6738165e-01   2.2689633e-01  -1.9015509e-02  -1.5889941e+00   2.6768135e-01
   2.0000000e+00   1.9369553e+00  -2.2190360e-01  -4.0028753e-01   3.4371666e-01   1.6622184e-01   1.1890373e-01
   2.0000000e+00  -2.7580520e-01   3.3731884e-01  -5.6950865e-01   1.3284645e-01  -1.8539711e+00  -2.0645387e+00
   1.0000000e+00   6.1548671e-02   5.5718203e-01   4.3208469e-01   1.4390451e+00   2.8531796e-01   7.1580251e-01
   2.0000000e+00  -2.8522729e-01  -1.2115563e+00   5.4763538e-01   4.2425480e-01  -1.0702474e-01   4.7999833e-01
   2.0000000e+00   5.8031321e-01   8.6700505e-01   2.2102126e-01  -1.1673967e+00   1.8261745e+00   6.5393101e-01
   2.0000000e+00   3.8611096e-01   1.2780521e+00  -1.0815172e+00   8.1136630e-01   1.2588647e+00  -3.2477265e-02
   2.0000000e+00   2.1415735e+00  -7.7957613e-01  -3.3047111e-01  -1.9552822e+00   7.5872085e-01  -9.8874019e-01
   2.0000000e+00  -1.6004696e-01   1.1524791e+00  -1.0256867e+00   1.1899825e+00  -2.7181515e+00  -4.2530844e-01
   2.0000000e+00  -1.4017245e+00  -1.9169384e-01  -4.3038436e-01  -1.6635805e+00   6.9656975e-01   1.9975937e+00
   2.0000000e+00  -3.2400461e-02  -1.5452591e-01  -1.0178285e+00   1.0917164e+00  -5.8975241e-01   7.3416521e-01
   2.0000000e+00   1.4707777e+00  -8.3622339e-01  -5.3189151e-01   2.1240219e+00   1.0237770e+00   7.4611838e-01
   2.0000000e+00  -1.8016650e-01  -1.7429483e+00   2.8534875e-01   8.1726238e-01  -2.1271640e-01  -4.2561940e-01
   2.0000000e+00   1.5071175e+00  -1.0587542e+00  -1.7552413e+00  -2.0786158e-01   1.4198737e+00  -9.8203719e-01
   2.0000000e+00   1.2134844e+00   5.4323398e-01  -7.1193089e-02  -2.4275209e-01   8.4793659e-01   3.0832678e-01
   2.0000000e+00  -1.7170996e+00  -1.3962795e+00   1.7928378e-01  -2.7594409e-01   2.2337979e+00   4.9804272e-01
   2.0000000e+00   5.1966933e-01  -2.4929493e-01   1.0828248e+00   7.9924124e-01   9.9674352e-01  -3.6591024e-01
   1.0000000e+00   4.8098360e-01   1.6126681e+00   1.3981633e-01  -1.6413865e+00   3.2510251e-01  -2.7290044e-01
   2.0000000e+00  -4.9959629e-01   1.6789840e-02  -1.4597391e+00  -1.5005889e+00   2.1988671e+00  -8.8130070e-01
   1.0000000e+00   3.1315216e-02   3.9355039e-01   8.9796367e-01  -6.6114480e-01   3.2850016e-01   2.3542864e-01
   2.0000000e+00  -7.9906820e-01  -8.3369112e-01   6.6458883e-01  -1.8066713e+00  -1.7810044e+00  -4.3415861e-01
   2.0000000e+00   1.5192654e+00   8.7467681e-01  -4.8879658e-01  -2.7471138e+00   2.8212335e-01  -5.7476243e-01
   2.0000000e+00  -1.6083862e-01   1.2599154e+00   2.4803090e-01  -6.2054297e-01   1.6176572e+00  -8.6524949e-01
   2.0000000e+00  -1.4862722e-01   1.0524157e+00  -5.4083283e-02  -2.6551251e-01  -2.1734601e-01   1.1181694e+00
   2.0000000e+00   1.3583196e+00  -2.1191999e-01   4.8461191e-01   8.9422088e-01  -4.6202471e-01  -6.9966370e-01
   2.0000000e+00  -5.3762149e-01  -5.9404961e-01   3.6989824e-01   1.2009194e+00  -2.1604806e-01   6.6750431e-01
   2.0000000e+00  -1.0868834e-01  -6.8830578e-01   6.2885062e-01   6.6844062e-01   1.2245543e+00   5.9934434e-01
   2.0000000e+00   1.1449894e+00   1.9039337e-01   8.8481225e-03  -1.1763744e+00   4.8103553e-01   8.2543897e-02
   1.0000000e+00   1.3178029e-01  -7.3745755e-01   4.3312613e-01   6.0586558e-01   5.3768070e-01   1.3648453e-01
   2.0000000e+00  -3.8330313e-01  -1.2266579e-01   1.7577055e+00  -3.1759550e-02   5.1564462e-02   1.6089110e+00
   2.0000000e+00   4.3525024e-01  -3.4707311e-01  -9.7032458e-01   7.3633099e-02  -1.6914726e+00   1.6932652e+00
   2.0000000e+00   1.4644723e+00  -5.0764438e-01  -2.3928492e+00   4.9449277e-01   3.4963613e-01   4.6701877e-01
   2.0000000e+00   8.9944298e-01  -8.2513235e-01  -1.2869848e+00  -1.0327441e+00  -3.2113599e+00   1.2169647e-01
   2.0000000e+00  -1.1360758e+00  -5.6742585e-01  -1.0536777e+00  -4.5400306e-04   1.3973606e+00  -6.5465843e-01
   2.0000000e+00  -4.7728262e-01  -1.5880029e-01  -4.4460542e-01   1.0425699e+00   5.2947912e-02  -1.0446079e+00
   2.0000000e+00   2.1077159e+00   3.8927185e-01  -8.3613353e-01   6.6260400e-01  -2.9986409e+00  -1.8847763e-01
   2.0000000e+00  -3.0354544e-01  -5.7704051e-01  -1.8246983e+00   2.8716650e-01   9.6332545e-01  -4.0336196e-01
   2.0000000e+00   4.4883389e-01   1.2152621e+00   5.0332997e-01  -1.1024447e+00  -1.8213635e+00  -6.0342578e-01
   2.0000000e+00  -6.5318504e-01   5.4233479e-01  -2.4255887e-01  -2.4328345e-01   8.5318195e-01   5.8019256e-03
   2.0000000e+00   1.1629969e+00   1.5432917e+00   5.7065871e-01  -5.3558393e-01   2.2238827e+00   1.5513933e+00
   2.0000000e+00  -3.8859579e-01   6.9324233e-01  -1.4003023e+00  -1.9909857e+00   2.1725482e-01   4.7542043e-02
   2.0000000e+00   6.9255824e-01  -1.4723534e+00  -3.2954823e+00  -6.2920507e-01   1.1111773e+00  -1.7699042e+00
   2.0000000e+00  -1.1145239e+00   9.8556509e-03   2.7691764e-01  -7.1346059e-01   1.6493440e+00  -2.1022379e-01
   2.0000000e+00  -8.9870376e-01  -9.5105783e-01  -8.0613070e-01  -6.5514513e-01  -9.8106039e-01  -1.0562184e+00
   2.0000000e+00  -1.2347008e-01  -4.2186659e-01   7.1943159e-01  -6.2675483e-02   2.1820235e+00  -8.1709851e-01
   2.0000000e+00  -1.1120664e+00   8.5123218e-01  -1.5608581e-02   5.2874086e-02   4.2367129e-01  -5.7692789e-01
   2.0000000e+00  -1.2701969e+00   9.4953379e-01  -5.9881880e-01  -1.2111072e-01   1.6721498e+00   1.4940695e+00
   2.0000000e+00  -2.2705946e+00   5.0047440e-01   1.5648018e+00   7.4050285e-01  -2.4931650e-01  -2.3441383e+00
   2.0000000e+00   1.0455407e+00  -3.4063386e-01  -5.1906081e-01  -6.4224802e-01  -9.6932021e-02  -2.7812249e-01
   2.0000000e+00  -1.3361191e-02  -2.2444782e+00   3.3715121e-01   2.0390012e-02   2.2712980e+00  -2.0317557e-01
   2.0000000e+00   1.4093093e+00   1.3461140e+00  -8.0094133e-01  -2.6673809e+00   1.0197897e-02  -8.5202595e-01
   2.0000000e+00  -9.2404912e-01  -9.6074033e-01  -9.6170330e-01   3.7279379e-01   1.3685941e-01  -6.8768020e-02
   2.0000000e+00  -6.4393936e-01   3.2019130e-01   8.0778152e-01  -5.1061774e-01   3.2079157e-01   1.3354875e+00
   1.0000000e+00   9.7206704e-01  -1.5737882e+00  -1.0344555e+00  -3.0221332e-01   5.4508575e-02   3.4884021e-02
   2.0000000e+00  -9.0131029e-01  -4.0426586e-01   4.5147391e-01  -5.9642831e-02   1.0539893e-01   1.3031077e+00
   2.0000000e+00  -7.9062505e-02  -1.0883799e+00   1.3282513e+00   1.2718020e+00  -2.4318498e+00  -1.5226370e+00
   2.0000000e+00   3.4654753e-01  -9.2979725e-01   2.2824700e+00   1.6720580e+00  -1.4704858e+00   8.4133128e-01
   2.0000000e+00   2.0302469e-01  -9.3715936e-02  -1.7733124e+00   4.3102724e-01   1.5728245e+00   9.2725649e-02
   2.0000000e+00  -1.4798677e+00  -6.2152890e-01   1.4527642e+00   4.4861099e-02   2.1795884e-01   1.1374256e+00
   2.0000000e+00  -1.0545959e+00   2.1424286e+00  -1.0856737e+00   1.7891063e+00   5.2542404e-01  -1.0108991e+00
   2.0000000e+00   2.1051243e-01   2.8561979e+00  -3.6295567e-01  -2.2408773e-01  -1.7704585e+00   2.0272751e+00
   2.0000000e+00  -5.9591721e-01  -8.5709342e-01  -5.2414724e-01  -3.8010510e-01  -1.1591991e+00  -7.7075786e-02
   2.0000000e+00   3.5716253e-01   1.3042298e-02  -5.0179292e-01   7.5722861e-01  -1.9912607e+00  -8.7662037e-01
   2.0000000e+00   1.6854538e+00   4.9311440e-01  -1.7351593e-01  -2.3694587e-01   6.4471211e-01  -5.9969441e-01
   2.0000000e+00   1.0214876e+00  -1.8311486e+00   1.2178727e+00   8.3864662e-02   5.4518483e-01   7.4026239e-01
   2.0000000e+00   1.4145707e+00   4.5058849e-01  -3.9232651e-01   7.8125115e-01  -1.5023067e+00  -3.1007641e-01
   2.0000000e+00  -9.2348098e-01   1.9199260e-01   3.6674859e-01   1.4058810e+00  -7.9994972e-01  -1.3770316e-01
   2.0000000e+00  -1.9287429e+00   1.5249477e-01   1.4995286e+00   4.5014369e-01   1.0541787e-01   9.0836905e-02
   2.0000000e+00   1.1468701e+00  -6.0438205e-01   2.0769921e-02  -1.6347484e-01  -5.6718470e-01   2.5620248e-01
   2.0000000e+00   7.9451190e-01   4.4870932e-01  -1.4146963e+00   4.8516626e-01   1.4693995e+00  -1.3524308e+00
   1.0000000e+00   6.0776835e-01  -5.8635727e-01  -8.1706065e-01  -2.4795069e-01   7.4303537e-01  -1.6197166e+00
   1.0000000e+00   4.3879227e-01   1.3646770e+00  -7.6350784e-01  -1.9586834e-01   3.4407353e-01  -1.3569742e+00
   1.0000000e+00   6.1752093e-01   8.1190933e-01  -1.8280571e+00   9.1684651e-01  -4.4836468e-01  -1.7268848e+00
   1.0000000e+00   2.0659545e-01  -6.4392574e-01   2.5475390e-01   8.2110853e-02   6.1682889e-01   2.0537334e-01
   2.0000000e+00  -1.6834399e+00   9.8809886e-01  -1.2060742e-01  -1.4921622e-01   1.4140870e+00   7.9323024e-01
   2.0000000e+00  -6.3114817e-01  -9.1159883e-01   7.7187785e-01   1.2923821e-01   1.7028147e-01  -1.0614599e-01
   1.0000000e+00   5.9127890e-01  -9.2260657e-02  -3.8505036e-01  -1.3761645e+00  -9.7903821e-02  -6.2607508e-01
   2.0000000e+00   1.3306908e+00   3.0832521e-01  -3.8521487e-01  -9.5169369e-02   8.8610901e-02  -1.3145503e+00
   2.0000000e+00  -2.4713968e-01   2.0933288e+00  -9.7034159e-01  -1.3369098e+00   9.8383827e-01   3.8769558e-01
   2.0000000e+00  -4.1336724e-01   1.5456792e-01   7.3332439e-01   4.0647604e-01   1.6330085e-02   1.5965954e+00
   2.0000000e+00  -7.8192747e-01   3.4058896e-03   2.0724920e+00  -2.1754991e-01  -5.5827992e-01   7.7945049e-02
   2.0000000e+00   1.4633480e+00   3.6652293e-02   4.2475723e-01   4.4181548e-01   1.0321409e+00   1.7645580e+00
   2.0000000e+00  -2.1886338e-02  -5.4432131e-01   2.7589484e-02   1.1371150e-01   1.4396914e+00   4.8856323e-01
   2.0000000e+00  -5.5556498e-01   5.9932646e-01  -8.2309419e-02  -3.0705105e-01   1.8727063e+00  -1.6624803e-01
   1.0000000e+00   4.8680369e-01  -5.6964263e-01  -1.1153383e+00   1.3299916e+00  -4.6122366e-01  -5.3034864e-01
   2.0000000e+00  -1.1198060e+00  -3.3652922e-01   1.7876906e-01  -1.4879433e+00   1.0189815e+00   1.7345771e+00
   2.0000000e+00  -1.0543952e+00   4.2561054e-01  -6.2767066e-01  -8.3347173e-01  -1.5888323e+00  -1.2570584e+00
   2.0000000e+00   1.1108239e-01   6.1186400e-01  -3.2390532e+00   1.1483353e+00   2.0848957e+00   8.2056524e-02
   2.0000000e+00  -7.3275627e-02  -2.4966671e+00  -2.1680519e+00   4.6184389e-01  -4.4789839e-01   1.2412255e+00
   2.0000000e+00  -2.1272340e-01   8.9492532e-01   1.0312939e+00  -3.5340339e-01  -1.6151121e+00   8.0635868e-01
   1.0000000e+00   3.8560847e-01  -6.1218160e-01   1.4680580e+00   6.1231353e-01   8.9612587e-01  -1.5683577e-01
   1.0000000e+00   7.0451937e-01  -2.1758653e-01   2.3560223e-01   6.6616190e-01  -1.5887743e-01  -2.6385277e-01
   2.0000000e+00   1.6955980e+00   8.5290724e-01   9.6551979e-02  -4.5192211e-02   1.3452250e-01  -1.0485866e+00
   2.0000000e+00  -1.3494926e+00  -5.8381893e-01  -8.3416902e-01  -4.7237722e-01   4.6441415e-01   1.5464042e+00
   2.0000000e+00   1.3751989e-01   5.9226277e-01  -3.3747547e-01  -4.0482793e-01   1.1877855e+00  -2.9087992e-01
   2.0000000e+00  -1.2607537e+00   1.1371038e+00   1.3147535e+00   1.6974642e+00  -2.5099116e-01   1.2076667e+00
   2.0000000e+00   8.4488631e-01   8.8142231e-01   1.2226607e+00  -5.0905890e-01  -1.4650601e+00   8.0612625e-01
   2.0000000e+00  -2.8093259e-01  -2.1629610e+00  -1.2910345e+00   4.4919157e-01  -2.1123140e+00  -3.0400763e+00
   2.0000000e+00   6.6387994e-01   3.5639744e-01  -1.5790916e+00   1.0194421e-02   1.1832173e+00   1.2974427e+00
   2.0000000e+00  -3.6788067e-01  -7.1396609e-01  -3.2312563e+00  -8.3371170e-02  -1.1327955e+00  -7.6648902e-01
   1.0000000e+00   7.4421429e-01  -6.3521618e-01  -1.3993659e+00   1.1469774e+00  -3.9834864e-01   1.4133765e-01
   2.0000000e+00  -1.2685394e+00  -1.3779835e+00   1.3315383e+00   1.0899908e+00   3.8168759e-02   3.8877897e-01
   2.0000000e+00   2.9177047e-02  -2.7008943e-01   4.5982353e-01  -2.8060047e+00  -2.5721445e+00  -7.2567713e-01
   2.0000000e+00  -1.0591161e+00  -1.0237137e+00   3.6997798e-01   1.0204053e+00   1.3029396e+00  -1.3199673e+00
   1.0000000e+00   4.9045421e-01   8.9453120e-01   2.0385338e-01  -6.7121628e-02   3.3097506e-02  -9.3435223e-01
   2.0000000e+00  -2.3688568e-01   1.5742766e+00  -2.0101549e-01  -1.2571623e-01  -5.3330122e-01  -9.1138116e-01
   2.0000000e+00   1.0350080e+00  -7.7805460e-01   8.1278143e-01  -5.5945201e-01  -2.6925011e-01  -8.9696731e-01
   2.0000000e+00  -4.8542355e-01  -5.2181360e-01   8.9564317e-01  -1.4915260e-01   9.6231397e-02  -7.1044197e-01
   2.0000000e+00  -6.1922616e-01   5.3758620e-01  -8.8484374e-02   3.5110106e-01   4.7869565e-01  -2.2151478e+00
   2.0000000e+00   7.6085164e-02  -1.8216902e+00  -8.0451837e-01  -3.1568743e-01   1.0392205e+00  -1.6107105e+00
   2.0000000e+00   1.0485417e+00  -7.4487831e-03   7.3213570e-01   1.0596032e-01  -3.9796364e-02   1.8178671e-01
   2.0000000e+00  -5.2955078e-01  -1.0450794e+00  -4.9925789e-01  -8.3379950e-01  -1.4970276e+00   6.7828896e-01
   2.0000000e+00  -1.1889999e+00   9.3204231e-01  -2.5391407e+00  -5.5632675e-02   9.0236108e-01  -7.0060300e-01
   2.0000000e+00   1.3434834e+00   8.0794460e-01   1.5801285e+00  -1.4789698e+00  -1.2545242e+00   1.3937725e-01
   1.0000000e+00   8.4149444e-01   7.1182390e-01  -6.9122547e-02   4.6269189e-01  -1.0129129e-02   1.1735399e+00
   2.0000000e+00   1.2144270e+00  -2.0167835e-01  -1.9703770e-01  -1.7378546e+00  -2.7495604e-01   4.9236555e-01
   2.0000000e+00  -8.6736198e-01  -1.6351495e+00   1.2835900e+00  -1.0229628e+00   1.1460791e+00   1.4463103e-01
   2.0000000e+00   1.3618610e+00   7.7567866e-01  -1.6383845e+00  -1.2837796e+00   9.4811119e-01  -3.7953346e-01
   2.0000000e+00  -5.3046022e-01   1.8115467e+00  -1.6553041e+00  -1.9594704e-01   2.5206200e+00   2.0069572e-01
   2.0000000e+00  -1.1240595e+00  -5.8039221e-01  -1.5523225e+00   1.0875302e+00   2.6594993e-01   1.3697473e+00
   2.0000000e+00  -1.1501103e+00   1.5227056e+00  -8.4502060e-01  -8.0650597e-01  -2.5814974e+00   8.9737615e-01
   2.0000000e+00  -1.7640216e+00   1.5251297e+00   9.6280970e-01   1.1254987e+00   1.1305527e+00   1.3880691e+00
   2.0000000e+00  -9.9519355e-01   3.4816884e-01  -7.4338719e-01   1.1640434e+00  -1.8739283e+00   2.7603122e-01
   2.0000000e+00  -1.2328235e+00   7.6585002e-01  -1.3620629e+00   2.5856802e-01   2.3922444e-01  -4.8773159e-01
   2.0000000e+00   9.6972725e-01   1.6504135e-01   9.7664697e-02  -2.6954385e-01   8.0036871e-01  -1.1397261e+00
   2.0000000e+00   1.1189041e+00   1.0155685e+00  -1.5421575e+00   1.0966492e-01  -9.9799288e-02  -4.0191593e-01
   2.0000000e+00  -9.4525405e-01  -3.2255645e-01   6.1451285e-01  -6.7438739e-01   4.5279499e-01   7.9590644e-01
   1.0000000e+00   2.4845739e-01  -7.0485376e-01  -1.8092633e+00  -1.1610298e-01   1.1770758e-01  -3.2079824e-01
   2.0000000e+00  -9.0911843e-01   7.7455375e-01  -9.2611598e-01  -1.3388406e+00  -7.1453818e-01  -2.0263494e-01
   2.0000000e+00  -6.9967720e-01   1.3879878e+00  -7.1392091e-01  -4.1657476e-01   2.4034494e+00   1.7030216e-01
   2.0000000e+00   2.5447978e+00  -2.4182781e-01  -6.3367878e-01  -1.5035660e-01  -1.0550423e+00  -8.2196872e-01
   1.0000000e+00   6.8551430e-02  -9.3384998e-01  -6.2699250e-01  -2.7606687e-01   3.8248094e-01   1.3546149e+00
   2.0000000e+00   1.7787873e+00   2.3452817e-01  -6.0470457e-01   1.2983010e+00  -1.7064249e+00  -5.1626117e-01
   2.0000000e+00  -8.8511593e-01   8.4533091e-01   4.6931770e-02  -1.1137212e+00   7.7721752e-02  -1.3514144e+00
   2.0000000e+00  -7.2983623e-01   1.1837635e+00  -1.7522335e+00   7.6211711e-01  -6.7950711e-01  -2.0130296e-01
   2.0000000e+00   8.8482052e-01  -4.0915286e-01   1.2194052e+00  -7.9470910e-01  -1.7525368e+00   3.5860059e-01
   1.0000000e+00   6.3636387e-01   4.3648830e-01  -5.3458982e-01  -5.4757163e-01  -4.6719053e-01  -6.9939719e-01
   2.0000000e+00   1.3572196e+00   1.6042509e+00   9.2273632e-01   1.2237925e+00  -6.4803755e-01   5.8020246e-01
   2.0000000e+00   7.9596441e-01  -1.9984431e+00   8.9866002e-01   2.1534085e+00  -3.9891300e-01   4.2322136e-01
   2.0000000e+00   1.4642738e+00   9.2923880e-01  -9.0704044e-01   8.6489726e-01   7.0542802e-01   3.8786746e-01
   2.0000000e+00  -5.0207275e-01  -2.2821950e+00  -1.7672755e-01   2.4160118e-01   1.4655560e+00   3.5754098e-01
   1.0000000e+00   2.5775582e-01  -1.0898739e+00   8.9170036e-01   4.4361534e-01  -9.1018835e-02  -6.3075274e-01
   2.0000000e+00   1.1660102e-01  -1.7903246e+00  -8.7011695e-01   7.5548605e-01  -2.0053311e+00  -3.4718148e-01
   2.0000000e+00   1.6218014e-01   9.2300613e-01   2.3561722e-01  -2.6027379e-01  -2.3861776e+00   7.1117866e-02
   2.0000000e+00   1.0727070e+00  -2.7328680e+00   6.1094007e-01  -1.1359917e+00   2.1125484e-01  -8.8833451e-01
   2.0000000e+00   3.7646205e-01  -8.1042634e-01  -3.0052789e-01   4.6722291e-01   1.1723994e+00  -1.7421600e+00
   2.0000000e+00  -1.5095260e+00  -1.8614703e+00   8.1317894e-01   6.8560360e-01  -1.4207146e+00  -6.7498342e-01
   2.0000000e+00   6.8465260e-01   1.3592484e+00   9.0200031e-01   5.0496674e-01  -8.6655866e-01   1.7767894e+00
   2.0000000e+00   8.9728625e-01  -3.3152364e-01  -5.9589081e-01  -1.0227990e+00   1.1648934e+00  -1.0138233e+00
   2.0000000e+00  -1.0505986e+00   1.3610781e+00   1.1382679e+00   4.5224992e-01   1.7969002e+00  -9.4305491e-02
   1.0000000e+00   5.4649862e-01   1.7806152e+00  -1.0498684e+00  -1.8370158e-01   5.7620683e-01  -9.4970670e-01
   2.0000000e+00   4.2404849e-02   6.0777995e-01   6.3508336e-01  -8.0571547e-01  -1.4747589e+00   1.4554307e+00
   2.0000000e+00  -1.1682071e+00   4.5890685e-01  -1.2763957e-01  -3.4541031e-01   4.3517047e-01   1.4997435e+00
   2.0000000e+00   2.4919697e-01   1.0304590e-01   4.3971886e-03   2.7278134e-01   1.6710828e+00   4.1090792e-01
   2.0000000e+00   1.1177420e+00   1.6926824e+00   4.4675681e-01  -5.8771392e-01   1.3845731e-01   9.5600013e-02
   2.0000000e+00   2.8515589e-02   1.4118761e+00  -5.4642442e-01   7.7191926e-01   2.1482701e+00  -4.1568276e-01
   2.0000000e+00   6.4039317e-01  -5.3262515e-01   1.0736238e+00   1.9936924e+00   1.0361030e+00  -1.3947344e+00
   1.0000000e+00   5.4812774e-01   1.2938851e+00   1.3270751e+00  -2.5379741e-01   1.0507703e-01  -1.0576827e+00
   2.0000000e+00  -2.6680888e-01   1.3702852e+00   6.3740148e-01   1.1519488e-01  -3.5990994e-01  -8.3477085e-01
   2.0000000e+00  -7.7575840e-01   9.6254339e-01   3.9014379e-01   7.2696077e-01   1.2238841e+00  -7.1872406e-02
   2.0000000e+00   1.5794823e+00  -7.9655319e-02   1.9907141e-01   7.8225928e-01  -4.1366310e-01   2.4960594e+00
   2.0000000e+00   9.5686863e-01  -1.8012502e-01  -4.9613672e-01   4.8254227e-01   1.3136004e+00  -1.5860710e+00
   2.0000000e+00   3.5041589e-01  -7.6347333e-01   9.5053493e-01  -5.7272391e-01   1.2477767e+00  -6.0482678e-02
   2.0000000e+00  -7.4685857e-01  -1.0585588e+00  -1.2560653e+00  -9.8406426e-03   3.4623644e-01  -1.0577074e-01
   2.0000000e+00   1.1557618e+00  -2.0131199e+00  -7.9735179e-01  -4.7857056e-01  -1.1699943e-01   3.4803576e-01
   2.0000000e+00   1.6631717e+00  -3.2876730e-01   1.3391670e+00  -3.6207832e-01   2.8363538e-01  -3.0767679e-01
   2.0000000e+00   2.0418023e+00   8.5827532e-01  -6.0855952e-01  -1.5338120e+00  -1.0243525e+00  -1.3315255e+00
   2.0000000e+00  -6.5050048e-03  -5.3087805e-01   2.1302294e-01  -1.5188240e-01   8.0314537e-01   9.2600700e-01
   2.0000000e+00  -8.8682684e-01   8.9194977e-01   3.7352143e-01  -1.0255891e+00  -2.6605899e-01   1.2540788e+00
   2.0000000e+00  -9.8764598e-01  -3.5917190e-02  -6.2416445e-01  -6.7441511e-01   1.2342887e+00  -7.8450709e-01
   2.0000000e+00   3.2798247e-01   1.7948565e-01   1.4089593e+00   1.6916401e+00  -1.8452958e+00   9.0113287e-01
   2.0000000e+00  -1.0575742e+00  -1.3049179e+00   6.9218731e-02  -1.6270249e+00   6.2768438e-01   8.8254845e-02
   2.0000000e+00  -1.2379971e-01   6.2500862e-01  -4.0750839e-01  -6.4055400e-01  -1.9382358e+00   2.0507686e+00
   2.0000000e+00  -7.4152786e-01   1.8207718e-01   4.0084626e-01  -9.0487563e-01   1.2762136e+00   6.2514355e-01
   1.0000000e+00   3.9331104e-01  -9.4581969e-02  -1.2495886e-01  -7.0600699e-01   7.2573355e-01  -9.7969438e-01
   2.0000000e+00  -2.3004240e-01  -2.8658469e-01  -1.9556815e+00   1.9898312e-02  -5.7064303e-02   1.6937190e-01
   2.0000000e+00  -1.0053393e+00  -2.6202302e+00  -1.3488563e+00   1.6078897e+00  -1.5446778e+00   1.2196187e-01
   1.0000000e+00   5.0109274e-01  -6.2971720e-01  -3.5644629e-02  -3.7357990e-02  -4.7101269e-02   4.9447744e-02
   1.0000000e+00   2.2401576e-01  -9.1184732e-01   9.9760763e-01  -2.5038048e+00   4.1911538e-01   1.0661293e+00
   2.0000000e+00   1.5838154e+00  -7.2603146e-01  -1.9785346e-01  -1.0709111e-01  -7.4096303e-02   9.7266524e-01
   2.0000000e+00   1.6549626e+00   1.4756090e+00  -1.3220592e+00   7.0155947e-02   6.0943019e-01   3.2459869e-01
   2.0000000e+00  -1.3764209e-01   1.8057655e+00  -2.3405722e-01   6.1134497e-01  -6.2459776e-01  -6.2508815e-01
   1.0000000e+00   2.8295271e-01   1.1379020e+00   1.8430364e+00   4.0218328e-01   8.8054950e-01  -7.1523571e-01
   2.0000000e+00   2.1356613e+00   6.7096545e-01   7.8783274e-01  -1.1779341e-01   1.0504106e-01   9.4241392e-01
   2.0000000e+00  -7.5431512e-01   1.3365662e+00  -1.0608824e-01  -6.4784766e-01   1.2499932e+00   7.1291519e-02
   2.0000000e+00  -4.8069818e-01   9.8137626e-01   7.7482136e-01  -3.6075462e-01   3.5390122e-01   5.1359385e-02
   2.0000000e+00   1.8918723e+00  -8.4377924e-01   2.0542739e+00   1.3101494e-01   1.9143953e+00   6.7770150e-01
   2.0000000e+00  -1.5262458e+00  -1.2603432e+00  -1.9019871e+00  -1.6117506e+00   2.4318084e+00  -1.0541604e+00
   2.0000000e+00  -8.5635701e-01   4.2521668e-01   1.1802566e-01   4.7331844e-01   3.1513128e-01   2.5688241e-02
   2.0000000e+00  -6.0282051e-01  -7.1440769e-02  -2.6933136e-01  -2.2306827e+00   1.2029790e+00  -1.9072278e+00
   1.0000000e+00   1.3986523e-01   8.6977781e-01  -2.0124121e-01   1.4308245e+00   2.5163246e-01   1.5937377e+00
   2.0000000e+00  -1.0106229e-01  -8.7675299e-01   6.3487963e-01  -1.8120441e+00  -3.5050134e-01   9.6863788e-02
   2.0000000e+00  -4.1953074e-01   5.1981722e-01  -2.2009357e-01  -2.9435430e-01  -1.7084633e+00   1.3450852e+00
   2.0000000e+00   1.2757615e+00   1.7727806e-01  -2.0330330e-01   2.5957022e-02   1.8688282e+00   1.4319351e+00
   2.0000000e+00   1.2293934e+00  -6.3719597e-01   8.0589837e-01  -7.3320763e-01  -7.6973433e-01   6.7958086e-01
   1.0000000e+00   4.0907115e-01   6.8875822e-01   7.9114318e-01   1.0503816e+00  -9.7316345e-02   1.3801608e+00
   1.0000000e+00   6.8596111e-03  -1.4444677e+00  -7.0680231e-01   2.4085075e-01   5.4524606e-01   1.1891409e+00
   2.0000000e+00   1.4037686e+00   4.5584178e-01   3.2085663e-01  -4.7934651e-02  -1.9012450e-03  -2.4545827e-01
   1.0000000e+00   2.1107314e-01   2.9608285e-01   8.7698097e-01  -9.9364134e-01   6.9120145e-01   4.1195350e-02
   2.0000000e+00  -4.2051145e-01  -6.0091342e-01   1.4094131e+00  -1.3918419e+00  -2.4189209e-01  -1.2233280e-01
   2.0000000e+00  -9.8117450e-01  -3.3105405e-01  -1.3056110e+00   1.0444765e+00   2.3260016e+00   1.5052101e-01
   2.0000000e+00   1.2119384e+00   8.6436200e-01  -2.2766603e+00   5.4616362e-01   3.9794534e-01   7.2761190e-01
   1.0000000e+00   2.7545004e-01   1.3323007e-01  -1.0811461e-01  -1.9948257e+00   7.5261005e-01  -4.3893703e-01
   2.0000000e+00   3.1258239e-01   1.2001075e+00  -1.8854381e+00  -7.0140918e-01   1.0461030e+00  -8.6453379e-01
   2.0000000e+00  -4.1952622e-01  -2.7349920e-01  -1.2502387e-01  -2.9191318e-01   1.3533066e+00  -3.0429961e-02
   2.0000000e+00   2.6218081e+00  -8.2682786e-01   6.6374533e-01   7.6268603e-01  -7.8087515e-01   5.3369401e-01
   1.0000000e+00   1.1148254e-03  -1.3035353e-01   1.6085466e+00   1.8191529e-01   3.1612804e-01   8.1394477e-01
   1.0000000e+00   3.0428721e-01   1.2248143e+00  -4.8269801e-01   2.4361982e-01   1.0669559e-01   2.5962230e-01
   2.0000000e+00  -1.3453036e+00  -1.0137392e+00   1.3505432e+00  -1.1231845e+00  -3.9081508e-01   1.5845037e+00
   1.0000000e+00   6.7346463e-01   4.7303561e-01  -2.5963966e-01   8.3560065e-01   5.0293195e-01   1.2991201e+00
   2.0000000e+00  -6.3934886e-01   1.4640357e+00  -4.9514813e-01  -3.9200285e-01   5.6015467e-01   4.3055194e-01
   2.0000000e+00  -3.1834208e-01  -4.6088697e-01   4.0634519e-01   1.6994837e+00  -2.2511873e-01   1.7266743e+00
   2.0000000e+00   1.1719291e-01   9.9557101e-01  -1.3006201e+00   4.1545243e-01   1.2349493e+00   1.9314886e-01
   2.0000000e+00  -6.4114471e-01   3.6487146e-01  -8.1184219e-01  -1.0999422e+00   1.3005773e+00   7.8545628e-02
   2.0000000e+00  -5.2642201e-01  -1.0497252e+00   6.6122496e-01   8.7118525e-01  -1.3767463e+00  -2.1331914e-01
   2.0000000e+00  -6.7715887e-01   2.1655050e-02  -1.5298609e+00   8.8330573e-01   5.4568848e-01   7.4630552e-02
   2.0000000e+00  -6.5400546e-02  -6.5880110e-01   1.2290509e+00   7.5808094e-01   1.0069051e+00  -2.0372920e-01
   2.0000000e+00  -1.9244967e+00   1.2681584e+00  -9.1603785e-01   6.5189970e-01   4.7187569e-01  -1.5648000e-01
   2.0000000e+00  -5.6379108e-01  -3.5740504e-01   7.2935106e-01   2.2665224e-01  -1.1335010e-01  -5.3133749e-01
   2.0000000e+00   8.3942863e-01  -7.1865175e-01   9.1041156e-01   2.5616503e-01   6.3495166e-01   1.1051010e+00
   2.0000000e+00   3.9175302e-01  -3.0271720e-01  -1.1948903e+00  -5.1349422e-01   9.3528831e-01  -5.9876239e-01
   2.0000000e+00  -4.8063185e-01  -6.0809187e-01  -5.5801028e-01  -1.3053357e+00  -1.1478374e+00   3.8266961e-01
   2.0000000e+00   1.0563189e+00  -6.9674579e-01  -8.2444902e-02   1.9590117e-01  -5.7270944e-01   2.1479115e-01
   2.0000000e+00   1.0531552e+00   1.5166118e-01   2.1921175e-02   1.4820379e+00   8.5516620e-01  -6.9122514e-01
   1.0000000e+00   5.6579190e-01   7.4791965e-01  -1.7437540e+00  -6.8796494e-01   6.9187213e-01   7.3676111e-01
   2.0000000e+00   1.5322406e+00   1.5341696e+00   1.7803021e+00  -1.1709091e+00   9.4255472e-02  -1.2218340e+00
   2.0000000e+00   1.7824703e+00  -5.1759517e-01  -3.6005694e-01  -6.4382909e-01  -2.7016605e-01   6.1208666e-01
   2.0000000e+00  -1.3965200e+00  -4.5560303e-01  -8.5345959e-01  -1.0570354e+00   5.9475452e-01  -3.6750553e-01
   2.0000000e+00  -9.9617528e-01   5.2351584e-01   2.3747858e-01  -1.4517546e+00   5.7763409e-01  -4.1878627e-01
   2.0000000e+00   2.2158326e-01   6.7113293e-01  -1.8699219e-01  -1.4475614e-01   1.9011425e+00  -2.7636698e-01
   1.0000000e+00   1.8329701e-01   1.3799028e-01   1.0884889e+00   7.8348484e-01   6.2763294e-01  -1.0861556e+00
   2.0000000e+00  -2.0077746e-01   1.7242183e+00   2.1200255e+00   1.2426387e-01   2.0952866e+00  -6.6276305e-01
   2.0000000e+00   1.4137980e+00  -9.7366643e-01  -1.5518227e+00  -1.7562044e+00   6.3994948e-01   1.4038123e-01
   2.0000000e+00  -2.6628169e-01   1.1112391e+00   1.3800163e-01  -4.7743655e-01   1.0979741e+00  -1.0173127e+00
   2.0000000e+00  -3.6023426e-01  -6.0082687e-01  -6.1041537e-01   1.1208187e+00  -1.1498888e+00   9.6982513e-01
   2.0000000e+00  -1.4638275e+00  -1.0687267e+00   1.5629481e+00  -1.6547927e-01   1.1983206e+00   6.6478286e-01
   2.0000000e+00  -2.5916443e-01   9.9471302e-01   3.0956692e-01   1.7660081e-01  -6.0104025e-01  -1.5567615e-01
   2.0000000e+00  -1.9636783e+00  -3.6946846e-01  -2.7419520e+00  -2.6822215e+00  -4.0333522e-01   1.0131563e-01
   2.0000000e+00  -6.2149259e-01   2.0340258e+00  -4.4250743e-01  -3.4545343e-01  -2.4828521e-01   2.6748290e-01
   2.0000000e+00   1.1501995e+00  -5.3928958e-02  -1.4526174e+00   1.0308455e+00  -9.5383806e-01  -4.0827371e-01
   1.0000000e+00   3.1560057e-02   1.5125258e-01   9.2181156e-01  -1.6835736e+00   7.8083573e-01  -2.7242203e-01
   2.0000000e+00  -7.2307678e-01   5.8739445e-01   1.0758138e+00   1.2043357e+00  -2.0113856e+00   7.3047388e-02
   2.0000000e+00  -6.9979829e-01  -1.5060227e+00  -3.1890907e-01   9.7752307e-01   1.0148675e+00   1.0418748e+00
   2.0000000e+00  -9.3817465e-01   8.8086023e-01   3.4550008e-01  -2.6830009e-01  -8.8907387e-02   1.1044369e+00
   2.0000000e+00   1.2811496e+00   7.8961023e-01   1.0977321e+00   1.4470263e+00   3.2356685e-01   3.2652234e-01
   1.0000000e+00   4.4192007e-01   1.4964571e+00   1.2676219e+00  -1.1954799e+00  -3.1703794e-02   5.5522940e-02
   2.0000000e+00   4.1132474e-01   2.0713302e+00   3.6255846e-01   1.7105727e+00  -2.6145284e-01  -6.9621414e-02
   2.0000000e+00  -7.8011526e-01   1.3478312e+00  -8.3170634e-01   1.6972516e-01  -1.3523782e+00   2.0896757e-01
   2.0000000e+00   2.1114861e-01  -3.1155319e-01   7.5215678e-01  -1.3463222e+00   1.0258340e+00   3.6630491e-01
   2.0000000e+00   2.2341938e+00  -1.1341529e-01  -6.1679320e-02  -3.1065610e-01  -5.5755448e-01  -1.7084743e+00
   2.0000000e+00  -1.1532888e+00  -1.6167859e-02  -7.1491977e-01   1.2801993e+00   2.1458941e+00   1.2545010e+00
   2.0000000e+00  -1.1155399e-01   9.1864216e-02   4.5628547e-01  -2.6779922e+00   6.1330942e-01   1.3105354e-01
   1.0000000e+00   2.4878582e-02   1.2336631e+00  -6.1839354e-01   8.6234892e-02  -6.9754943e-01  -4.0870513e-01
   2.0000000e+00  -9.9836391e-02  -2.0156158e+00  -7.0589965e-01  -3.5673989e-01  -3.5134883e+00   1.9595150e-01
   1.0000000e+00   7.6597410e-02   6.2240770e-01  -8.5721131e-01  -2.0627789e-01   7.0810687e-01   4.7211416e-01
   2.0000000e+00   1.9356416e-01   2.3577633e+00   1.0209903e+00  -1.3480393e-01  -3.1232742e-01  -7.1885959e-01
   1.0000000e+00   8.6144786e-01   1.5353753e+00  -1.4431367e+00  -1.7778272e+00   3.4240615e-01  -8.0452393e-01
   1.0000000e+00   2.1189613e-01   4.9346786e-01  -4.6887591e-01  -4.4436059e-01  -9.3690353e-01   1.6219967e+00
   2.0000000e+00   1.2457890e+00   6.3458511e-01   4.7335675e-01   1.0488919e+00  -8.8340356e-01   4.4455734e-01
   2.0000000e+00  -7.1152582e-02  -1.9681551e-01   1.4531857e+00  -7.7158580e-01   2.6152990e-01   3.6339043e-01
   2.0000000e+00   1.3383948e+00   8.6511768e-01   1.9163146e+00   3.7206413e-01   1.3780007e+00  -1.2649761e-02
   2.0000000e+00  -3.6550562e-01  -5.7400541e-01  -2.6494695e-01  -1.2191407e+00   5.4164642e-01  -3.9214259e-02
   2.0000000e+00   9.4554525e-01   7.7733696e-01   1.4541597e+00   9.9757705e-02  -1.3144804e+00   5.2690659e-01
   2.0000000e+00   6.9829640e-01  -5.8035086e-02  -5.8658406e-01  -1.2840561e+00  -1.0008292e+00   7.6761436e-01
   1.0000000e+00   6.3178231e-01   6.4068839e-01  -7.8093132e-02  -1.5010778e+00  -3.8005096e-01  -6.8949738e-03
   2.0000000e+00   2.9988047e-01   5.8004393e-01  -2.4734617e-01  -7.6178138e-01   9.5728224e-01  -7.0686626e-02
   2.0000000e+00  -1.7902255e+00   8.2649648e-01  -2.3253117e-01  -1.0735242e+00   4.5906656e-01  -7.3038565e-01
   2.0000000e+00   1.4824286e+00   8.3892613e-01   1.3346237e-02  -1.1050970e+00  -7.3018372e-01   1.3414191e+00
   2.0000000e+00  -1.6871242e+00  -1.2554292e+00  -2.7440514e-01  -8.7562740e-01   9.6117497e-01  -2.2432719e+00
   1.0000000e+00   3.4789001e-01  -5.6702569e-01   4.7441880e-01   1.3677078e+00  -6.5518249e-01  -3.5443450e-01
   1.0000000e+00   1.9968674e-01   4.9043133e-02   4.4711083e-01   5.7084326e-01  -6.2442272e-01  -2.3615623e-01
   2.0000000e+00  -2.3577391e-01  -7.2990857e-01  -2.3773161e-01   4.9953391e-01   3.0939513e-01   3.2496059e-01
   2.0000000e+00   5.3310102e-01  -3.8108034e-01   9.2940551e-01   2.3648024e-01   1.0713056e+00   3.3433498e-01
   2.0000000e+00  -1.9131702e+00   1.3235429e+00  -4.9220135e-01   1.8628647e+00   7.7878726e-01   4.5157409e-01
   2.0000000e+00  -7.5718640e-01   9.2570471e-01  -4.0531838e-01  -1.5329615e+00   1.4108719e+00  -1.2544868e+00
   2.0000000e+00  -7.7859978e-01  -3.5633099e-01  -5.1978394e-01  -1.4070735e+00  -6.8526483e-02  -1.2016487e+00
   2.0000000e+00  -9.0319844e-02  -3.1358914e-01   6.0250305e-02  -5.3353451e-01  -1.3527523e+00   2.3120687e-02
   2.0000000e+00   1.3417637e+00   1.8985658e-01   1.9323047e+00  -7.6957538e-01  -1.7623502e+00  -8.8695487e-02
   2.0000000e+00  -9.2085072e-01   1.9809779e-01  -4.0276924e-01   5.5114652e-01  -1.2478472e+00   4.3387598e-01
   2.0000000e+00   1.2071382e-01   1.6923700e+00  -6.0933872e-02  -4.6573801e-01   2.3944613e+00   2.0435566e-01
   2.0000000e+00  -1.1393411e+00   1.5735982e-01   8.2981786e-01  -1.2018864e-01   9.7126696e-01   5.2335318e-01
   2.0000000e+00   1.1317629e+00  -8.7347216e-01   1.3060316e+00   8.9704681e-01   1.0321707e+00   2.0359700e-01
   2.0000000e+00  -1.9787369e-01   8.0938341e-01   5.8001287e-01  -8.8950233e-01  -6.6608432e-01  -8.9332428e-01
   2.0000000e+00  -4.5665930e-01  -7.5851035e-01   6.0195250e-01  -3.3238475e-02  -7.4296036e-02  -3.3009958e-01
   1.0000000e+00   2.6265236e-01  -6.6667333e-01   8.2879103e-01   2.1414417e+00  -3.2540729e-01   7.6986879e-01
   2.0000000e+00   1.8089239e+00   2.0011794e+00  -6.8962648e-01   2.7686814e+00   1.7326376e-01   5.4431714e-01
   2.0000000e+00  -1.1004799e-01   8.8241193e-01   2.0671833e-01   1.2808889e+00   4.7340730e-01  -5.2194992e-01
   1.0000000e+00   3.4656270e-01  -1.7912476e-01   8.4699280e-01  -2.7284037e-01   4.0480540e-01  -3.4535828e-01
   1.0000000e+00   7.1357689e-01  -6.0378248e-01   1.1989553e+00   1.5514483e+00  -4.1162121e-01  -4.0666142e-02
   2.0000000e+00   1.2381597e-01  -1.6672449e+00   2.4893195e-01  -2.7198386e-01  -2.6045011e+00   1.2394197e+00
   2.0000000e+00  -9.4000511e-01   5.1114968e-01   1.8692401e-01  -2.5731416e-01  -6.9089419e-01  -1.4951026e+00
   2.0000000e+00   2.3352003e+00   3.1064205e-01  -8.9524725e-01  -3.8971478e-01  -7.9201353e-01   5.5492313e-01
   2.0000000e+00  -1.2305623e-01  -8.6525780e-01  -1.1421791e+00   5.2840628e-01   1.1324519e+00   3.9720057e-01
   2.0000000e+00  -1.2627364e+00  -4.9355471e-01   2.0720467e+00  -1.0764037e+00  -3.7223301e-01  -2.9987903e+00
   1.0000000e+00   7.7061640e-01   3.8199050e-01  -2.7785221e+00  -5.9895175e-01  -9.2301610e-02  -5.4974986e-01
   2.0000000e+00   7.0605862e-01   4.1950230e-01   1.4313812e+00  -2.2678788e+00   1.5895111e+00  -6.0158475e-01
   2.0000000e+00  -2.8762779e-01  -9.8973614e-01  -7.2557556e-01   1.2717736e+00  -1.0061866e+00  -7.1376620e-01
   2.0000000e+00   1.1858356e+00   1.1973574e+00   4.8725030e-01   9.6217738e-01   5.5905647e-01  -8.8983800e-01
   2.0000000e+00  -9.7261662e-01   8.3375582e-02   8.0422987e-01   2.7424283e-01   2.4662305e+00  -1.3542107e+00
   1.0000000e+00   2.0925541e-01  -8.0679883e-01   7.0929376e-01   1.6526563e-01  -6.4448278e-01   7.1914680e-01
   1.0000000e+00   5.0475282e-01  -3.5752364e-01  -1.1646820e+00  -2.0221180e-01  -7.4216995e-01   6.3021711e-01
   1.0000000e+00   3.6458780e-01  -1.2686494e+00   2.0338980e+00   2.1676160e-01  -4.0203946e-01  -1.5682380e+00
   2.0000000e+00  -7.7006268e-01  -5.5252035e-01  -3.4136463e-01   1.0251419e-01  -1.4088086e+00   6.1722476e-01
   2.0000000e+00  -3.3384904e-01   2.4322031e-01   1.8924144e-01  -7.4505192e-01   4.0418951e-01  -1.7476509e+00
   2.0000000e+00   1.0556097e+00  -8.9093937e-01   5.5407499e-01   4.8955176e-01  -2.4732832e-01   5.1275284e-01
   1.0000000e+00   5.9144447e-02   8.0158758e-01  -8.8449905e-01   2.3124589e-01  -2.7070952e-01  -9.1109300e-01
   1.0000000e+00   2.8009745e-01   9.4375907e-01   3.0519470e-01  -1.1239826e+00   4.8770248e-01  -7.5053974e-01
   2.0000000e+00  -1.2972221e+00  -3.9466699e-01   1.7484326e+00  -9.9277582e-01   3.3160278e-01  -2.8240165e-01
   2.0000000e+00   3.2718638e-01   2.6474402e+00   1.4093303e+00  -7.5190603e-01  -8.4422848e-01   4.0469865e-01
   2.0000000e+00  -3.2265763e-01   3.5750388e-01  -5.7200383e-01  -2.6917291e-01   5.0451103e-01  -1.9008448e+00
   2.0000000e+00  -3.5058102e-01   4.8416571e-01  -8.0727552e-01   9.8542727e-01  -9.8973414e-01   3.4152557e-01
   2.0000000e+00  -4.8232458e-01   2.9250761e-01   1.0600667e+00  -1.2797761e+00   1.6061104e+00   1.0873175e+00
   2.0000000e+00  -1.1474340e+00   2.1788816e-01   1.7042908e+00  -1.8290548e+00  -2.7397527e-02  -2.3756365e-01
   1.0000000e+00   3.0593072e-02   3.2203849e-01   1.9514226e+00  -2.0291363e+00   4.3374613e-01   3.8020486e-01
   2.0000000e+00   1.0751381e+00   1.6774820e+00   3.3452548e-01  -3.9656526e-01  -1.4475301e+00   1.9200391e+00
   2.0000000e+00  -8.9065871e-01  -1.0363881e+00   1.4764835e+00   2.4206675e+00   1.2297526e+00   1.1152824e+00
   2.0000000e+00  -1.8053295e-01  -7.0850584e-01   1.0778345e+00   2.6251426e-01   1.0578949e+00  -9.4720824e-01
   2.0000000e+00  -1.6074868e+00  -1.0743675e+00   1.2238331e+00  -1.5454905e+00  -1.0093442e+00  -3.1014909e-01
   2.0000000e+00  -1.5887959e+00   9.0559713e-02   1.2572899e+00   8.1550508e-01  -8.4399423e-01   4.1662652e-01
   2.0000000e+00  -7.2261068e-01   1.8785221e+00  -4.0096499e-01  -1.0534306e+00   1.5498356e+00   2.6963114e-01
   1.0000000e+00   7.8345213e-01  -8.2904950e-01  -2.1455873e-01  -2.4149129e-01   2.2104785e-01   9.1554775e-02
   2.0000000e+00  -1.2449569e+00   5.2420328e-02  -9.2045719e-01  -6.6961122e-01  -2.3107890e-01   3.5304402e-01
   2.0000000e+00  -1.9162840e-01   3.2826329e-01   1.0649138e+00  -2.1393935e-01   4.3354518e-01  -1.3990841e+00
   2.0000000e+00  -9.2356364e-01  -2.9101535e-01  -1.4826697e-01  -3.0986454e-01  -8.3360259e-01  -3.8874545e-01
   2.0000000e+00  -1.2664283e+00  -1.6386669e+00  -1.7517397e+00  -1.8781337e+00  -4.6442924e-01  -1.1135735e+00
   2.0000000e+00  -2.7852298e-01  -1.5611156e+00  -1.3093397e+00  -9.4736768e-01  -1.6920359e+00  -5.4088936e-01
   1.0000000e+00   6.1767041e-01  -1.3671129e+00  -6.2787836e-01  -9.3375807e-01   4.9270710e-01   1.2172560e-01
   2.0000000e+00  -2.4338717e-01  -1.3543544e+00  -4.7647712e-01   2.7042453e-01  -3.5438619e-01   9.0712674e-01
   2.0000000e+00  -2.0632609e-01   3.1937341e-01   6.2445980e-01  -1.9020329e-01   7.4879904e-01  -2.7602250e-01
   1.0000000e+00   4.6723919e-01   7.8257994e-01  -5.9083296e-01   8.5137251e-01   6.1657398e-01  -4.1551250e-01
   2.0000000e+00  -6.6342134e-01   5.2685327e-01   3.2874843e+00  -2.8430134e-01  -6.7509291e-01   6.7186150e-01
   1.0000000e+00   2.7000424e-01   1.5927848e+00  -8.6508784e-01  -1.0529698e+00  -2.7759162e-01  -4.9525569e-01
   2.0000000e+00   2.5742551e+00  -3.7051078e-01  -1.8621174e-01   1.0688747e+00   6.7538272e-01  -1.8998820e-02
   2.0000000e+00  -3.1642289e-01   4.6928503e-01   6.4947272e-01   1.1207926e+00  -1.8503237e+00   6.7467831e-02
   1.0000000e+00   8.0384493e-01   5.1068966e-01  -1.6685014e-01   5.9783728e-01  -1.7809550e-01  -2.0828314e-01
   2.0000000e+00   1.3719665e+00  -5.0871635e-01  -7.3867958e-01  -8.5966326e-01  -7.1139804e-01  -1.3196752e+00
   1.0000000e+00   7.7812926e-01   5.8783273e-01  -1.0224226e-01  -1.1181179e+00   3.3585922e-01  -6.8017371e-01
   2.0000000e+00  -8.8199576e-01  -1.0040608e+00  -5.1696106e-01  -1.1031867e+00   4.4646523e-01  -1.2827781e+00
   2.0000000e+00  -4.9088846e-01   1.2901644e+00  -2.6548031e+00  -7.0198713e-01   4.4652505e-01   3.5742369e-01
   1.0000000e+00   5.5628213e-02  -3.9910688e-01  -3.3550337e-01   1.7809671e+00   4.7632186e-01   1.7194254e-01
   2.0000000e+00  -1.8312084e-01  -1.9654827e+00  -5.8950779e-01   2.8413734e-01  -3.5614348e-01   7.1071076e-01
   2.0000000e+00  -5.7532166e-01  -1.4943296e+00   1.1042026e+00   1.1373612e+00   1.1478605e+00   2.2366241e+00
   2.0000000e+00   5.8442893e-01  -1.6832173e-01  -4.7181360e-01  -5.9389945e-01  -9.3727897e-01  -7.7288637e-01
   2.0000000e+00  -9.2092316e-01  -5.2399222e-01  -1.8758028e+00   1.2765795e+00  -1.2764319e+00  -7.6513147e-01
   2.0000000e+00  -9.0800673e-01  -6.8319762e-01  -7.7973210e-01   2.4895286e+00   9.3534986e-02   2.5208638e+00
   2.0000000e+00   1.7749030e+00  -5.6665069e-01  -6.3879580e-01  -4.1992028e-01   8.1984041e-01  -2.0661965e-01
   2.0000000e+00  -7.9016343e-01  -2.5353679e-01  -1.3729768e+00  -5.6618621e-02   2.0871241e-02   8.6214378e-02
   2.0000000e+00  -9.0913841e-01  -1.3117137e+00  -7.1402825e-02  -7.8345848e-01  -3.1118815e-01  -8.2386146e-03
   1.0000000e+00   2.7645612e-02  -4.4326093e-01  -3.8601275e-01   5.3094282e-01  -1.6606449e-01  -3.9225539e-01
   2.0000000e+00   1.4080532e+00  -1.4622651e+00   8.7065713e-01   2.2798479e+00   8.0276455e-02  -2.1240932e-01
   2.0000000e+00  -6.9904773e-01  -1.0692008e+00   9.7669174e-03  -1.3813165e+00   6.3338764e-02  -8.8680770e-01
   2.0000000e+00  -1.2555625e+00   5.8559014e-01  -3.3159428e-01  -1.1679175e+00   9.0852792e-01  -6.3987698e-01
   2.0000000e+00   1.7250452e+00   9.9591099e-02   7.6554120e-01  -2.0417119e+00   1.8074834e+00   2.5274509e-01
   1.0000000e+00   3.9824455e-01   7.2844675e-01  -2.6274710e+00  -1.6001262e-01  -5.4872593e-01   2.5357085e-01
   2.0000000e+00   1.3293598e+00  -5.4403760e-01  -2.9050787e-01   2.2557501e-01   2.6592657e-01   5.1514362e-01
   2.0000000e+00   1.8392488e+00  -6.3545830e-01   1.7101703e+00  -8.8023886e-01   9.7851598e-01  -2.4424220e+00
   2.0000000e+00  -2.0007771e-01   5.6043430e-01   1.6345224e-01  -1.1062521e+00   7.2945977e-02   2.1473039e-01
   1.0000000e+00   2.2180269e-01  -1.1188402e+00  -1.0073734e+00  -6.6207615e-02   4.3624381e-02  -6.9170668e-01
   2.0000000e+00  -1.5724570e-01  -1.7140527e+00   3.1674657e-01  -8.4535205e-01   3.2976011e-01  -7.1701743e-01
   1.0000000e+00   9.3422969e-02  -1.9171427e+00   5.1727274e-01   1.6603292e+00   7.3497532e-01  -1.8247616e-01
   2.0000000e+00  -1.2094282e+00   1.4566057e+00  -4.7456526e-01  -1.1379801e+00  -1.3159192e-01   1.1229299e+00
   2.0000000e+00  -1.6547767e+00  -5.8196894e-01   7.1544086e-01  -7.6167505e-01   2.4631452e+00   1.8753617e+00
   2.0000000e+00  -5.8726595e-01  -6.5303958e-01  -7.4039573e-01   8.5303687e-01   7.9339473e-01  -8.4239078e-01
   2.0000000e+00  -1.2431140e-01  -6.3819684e-01   1.2427882e-01  -9.7796199e-01   1.7801479e+00  -3.8348000e-02
   2.0000000e+00  -4.4218887e-02   4.0747705e-01   3.7345098e-01  -5.3161144e-01  -1.0974235e+00   8.5660759e-03
   2.0000000e+00  -1.7919269e+00   9.1539261e-01   1.0455807e+00   1.5586914e+00  -3.5154975e-01   3.8499901e+00
   2.0000000e+00   6.2596254e-01   3.0801885e-01  -1.3689338e+00   8.5494392e-01   1.6674419e+00   1.0802468e+00
   2.0000000e+00   1.1652111e+00  -8.3149184e-01   9.7257492e-01  -4.3389822e-01   9.0811542e-01  -8.4703526e-01
   2.0000000e+00  -3.2156505e-01   1.6395380e-01   4.2692703e-01  -2.8366238e-01  -1.6346860e+00   1.5951728e+00
   2.0000000e+00  -8.0432211e-01  -4.7980566e-01   9.3316011e-01  -1.5249205e+00  -4.9936300e-01   4.5527340e-01
   2.0000000e+00  -1.2191245e+00   2.4265872e-01  -6.5943393e-01   5.0367106e-01  -8.2157809e-01   1.2562299e-01
   1.0000000e+00   2.0310186e-01  -3.6354764e-01  -7.2895328e-02  -5.9756202e-01   8.0432472e-01   1.9704256e+00
   1.0000000e+00   6.7685218e-01   4.4915798e-01   1.6952379e+00  -1.2163057e+00   1.9180895e-01  -1.7987561e+00
   2.0000000e+00  -1.6001943e+00  -8.0201540e-01   1.2505055e+00   9.6973584e-01  -4.9831924e-01   2.2072192e+00
   2.0000000e+00  -5.0141663e-01  -4.6936055e-01   1.2935668e+00  -1.0615355e+00  -6.7363749e-01  -5.8078767e-01
   2.0000000e+00  -6.9740369e-02   3.3418750e-01  -6.3432229e-01  -5.8501534e-01   8.4778035e-01  -1.1697216e+00
   2.0000000e+00  -4.5638043e-01   6.4261390e-01  -1.1739804e+00   8.1999325e-01   5.4699431e-01   3.4535428e-01
   1.0000000e+00   1.5382180e-01   1.0430231e+00  -5.0152552e-01   6.1319251e-01   5.1065316e-03  -2.4221011e+00
   2.0000000e+00   2.3346710e+00  -1.0592763e+00   1.7675568e-01   1.1019323e-01   5.7012081e-01  -3.0809603e-03
   2.0000000e+00   1.8763292e-01   4.2393807e-01  -1.4367336e+00   1.4430149e+00  -2.7513693e+00   9.0631596e-01
   1.0000000e+00   1.9039602e-01   8.4700102e-01   2.7044621e-01   6.9559069e-01   4.4596048e-01   1.1991734e+00
   2.0000000e+00  -6.9786411e-01  -3.2798325e-01  -1.1456833e-01  -1.5400794e+00   1.9707667e+00  -2.4406909e-02
   2.0000000e+00  -2.2547616e-01   4.9732602e-01   6.3397170e-01  -7.0032846e-01   1.5460458e+00  -1.2499955e-01
   1.0000000e+00   4.7362575e-01   6.1098173e-01  -1.9404732e+00   1.6645551e+00   2.0325625e-01   5.1540237e-01
   2.0000000e+00  -2.6247807e-01   6.5320136e-01  -1.0068957e+00  -1.4925979e-01   3.7419828e-01   2.1015053e-01
   2.0000000e+00   1.3361446e+00  -1.0209672e+00  -2.1858505e-01  -5.1981339e-01   1.3986468e+00   5.7470857e-01
   2.0000000e+00   4.2883042e-01   2.2338122e+00  -2.1978310e-01  -3.9462326e-01  -4.4706198e-01  -6.4191787e-01
   2.0000000e+00  -1.4652217e+00   3.5772929e-01   2.1446280e-01  -2.7961282e-01  -4.6765413e-01   1.3824387e+00
   2.0000000e+00   6.7929397e-03   2.8215605e-01   5.4158138e-01  -2.6163111e-01   1.5616732e+00   3.1601111e-01
   2.0000000e+00   8.2698329e-01  -2.5566112e+00  -6.4521514e-03   5.1496304e-02  -1.5105593e+00  -6.4494262e-01
   2.0000000e+00  -5.6805974e-01   9.1834749e-02  -1.0198520e+00   1.1419978e-01   1.1312192e-01  -3.1139064e-01
   2.0000000e+00  -1.8724945e-01  -1.4548623e+00   7.8049502e-01  -4.7254557e-01  -1.7318519e+00  -3.3077485e-01
   2.0000000e+00  -1.3205888e+00  -8.8600622e-01  -3.9182072e-01   3.5054427e-01  -2.6364722e+00  -9.2124407e-01
   2.0000000e+00  -1.4353164e-01  -6.4410196e-03   2.2260614e-02  -7.3078108e-01   7.8054516e-01   6.8187137e-01
   2.0000000e+00   1.3059421e+00   1.6018006e+00  -1.0599931e+00   3.2542973e-01   1.3482765e+00   5.3257384e-01
   2.0000000e+00  -1.9740375e-01   9.8034765e-01   2.1277559e+00  -6.0245288e-01  -1.4249130e+00   1.3091583e+00
   1.0000000e+00   8.0883437e-01   5.4792354e-01  -6.4319439e-01   1.5725703e+00   1.1594434e-01   5.0240328e-01
   2.0000000e+00  -9.5647520e-02  -3.6627976e-01   2.2510649e-01  -3.0740359e-01   1.2510383e-01   6.2497864e-01
   1.0000000e+00   4.7407017e-01  -1.6117004e-01   1.9374315e-01   1.4796565e+00  -8.0792016e-01   1.2562640e+00
   2.0000000e+00  -1.5611805e+00   8.5464695e-01   9.3096897e-01  -1.6299046e-01  -8.5686380e-01   1.0668036e+00
   2.0000000e+00   2.1590934e+00   3.7492019e-01  -1.0674859e+00  -8.0627473e-01   2.3769660e-01   2.6866495e-01
   2.0000000e+00   1.3054609e+00   4.6408700e-01  -1.1246538e+00   1.4399946e-01   1.7671427e+00  -1.6288242e+00
   1.0000000e+00   4.5920003e-01   8.8476067e-01  -8.8236079e-01  -3.5108507e-01   7.0489187e-01   3.8419464e-01
   2.0000000e+00   1.8721758e+00  -2.0082715e-02   2.9576274e-02   1.3584509e+00   2.0341340e+00  -4.7430966e-01
   2.0000000e+00  -6.8802528e-01   9.6742590e-03   5.2347270e-01   2.4858151e+00   1.2662032e+00  -1.1167243e-01
   1.0000000e+00   2.8665437e-01  -1.0056247e+00   1.9108010e+00   1.3884043e+00   3.0443167e-01   9.7237202e-01
   2.0000000e+00   1.8710183e+00  -3.2121912e-01  -1.1459462e-01  -2.7501362e-01   4.4796053e-02   7.8560392e-01
   2.0000000e+00  -6.5937786e-01  -3.9067739e-01   1.2893944e+00  -4.9602223e-01  -1.7154945e-01   6.0757864e-01
   1.0000000e+00   6.5339918e-01   2.3981650e-01   1.8021853e-01   6.8979439e-01   4.3947033e-01   8.8402955e-01
   1.0000000e+00   2.9433473e-01  -8.0781850e-01   8.3045848e-01   1.2396296e+00  -6.2603258e-01   7.6577419e-01
   2.0000000e+00   5.4841198e-01   4.8384524e-01   6.2935401e-01   1.1517970e+00  -1.5571121e+00  -2.2936332e-01
   1.0000000e+00   4.7592664e-01  -1.1107870e+00   7.2404980e-01   9.5212161e-01   7.0037620e-01  -9.0371723e-01
   2.0000000e+00  -6.4258683e-01   7.0339595e-01  -6.7699550e-01  -4.0783871e-01  -1.7711848e-01  -4.9151521e-01
   2.0000000e+00   1.4122709e+00  -3.2284476e-01   4.7534007e-01   4.1805187e-01  -1.8960713e-01   9.4009301e-01
   2.0000000e+00  -1.5182245e+00  -1.0324431e+00  -2.8368207e-01  -1.1012274e+00  -3.9624812e-01  -1.5325431e+00
   2.0000000e+00   9.2702560e-01  -4.3150718e-01  -1.9346626e+00  -6.0464969e-01   5.9688877e-01   4.4156660e-01
   2.0000000e+00  -1.3314333e+00   1.0848426e+00  -5.3522411e-01   1.3675039e+00   8.9258776e-01  -3.1406322e-01
   2.0000000e+00  -7.3736212e-01   4.8975378e-01  -2.0882458e+00   9.5021789e-01   9.5455781e-01   1.0327906e+00
   2.0000000e+00  -6.2704485e-02   1.0502476e+00  -1.5929303e+00  -1.4547499e+00   1.2458174e+00  -7.0908214e-01
   2.0000000e+00   7.0231886e-01  -1.5610118e+00  -1.0021432e+00   1.0954617e+00  -8.7344895e-01  -1.1248481e+00
   2.0000000e+00  -1.9944635e-01  -5.8189945e-02   1.4191683e+00  -9.2067385e-01  -1.5125418e+00   8.7298206e-01
   2.0000000e+00  -1.2888037e+00   2.9342430e-01   1.7346939e-01  -3.6653675e-02   3.5060991e-01  -1.0096529e+00
   2.0000000e+00  -2.2973919e-02  -1.0464720e+00   6.5579365e-01   1.5609459e+00   2.6557723e-01   2.5214175e-01
   2.0000000e+00  -2.0586885e+00   2.4721150e-01   8.1111800e-01   1.4277402e+00   1.5601839e-02  -9.1749689e-01
   2.0000000e+00   3.1110688e-01   6.6296429e-01   1.1894578e+00   1.3859686e-02   1.1757852e+00   6.6321314e-01
   2.0000000e+00   1.4796203e+00   3.8657465e-01   6.9465252e-02   1.2574279e+00   7.6367353e-01   8.2285272e-01
   2.0000000e+00  -1.7613226e+00  -5.7233849e-01   1.3435039e-01   3.4835655e-01   1.5375323e-01   1.1147242e-01
   2.0000000e+00  -4.4428469e-01   7.4999951e-01  -3.2511136e-02  -6.5672860e-01  -8.5396432e-01   6.0262272e-01
   2.0000000e+00  -1.8003673e+00   3.2303678e-01   4.3416251e-01  -3.7193875e-01   9.3922809e-01  -7.2076239e-01
   2.0000000e+00  -3.9689127e-01   1.2809014e+00  -1.0593097e+00  -6.9275847e-01   1.2914051e+00  -3.6984624e-01
   2.0000000e+00   3.3292122e-01   2.0181780e-01  -5.4714747e-01   6.9499880e-01   1.7278463e+00  -1.4022430e+00
   2.0000000e+00  -1.5402828e+00   4.0707249e-01   2.8431303e-01  -9.9469404e-02   5.7125678e-01   2.2918985e-01
   2.0000000e+00  -1.2254977e-03  -1.1961611e+00  -3.5096936e-01   4.8356293e-03   8.7684937e-01   9.1359288e-01
   2.0000000e+00  -7.3109292e-01   7.3575154e-01   1.6084944e-01  -1.7442476e+00  -4.4014037e-01  -1.3024739e+00
   1.0000000e+00   4.2038013e-02   6.2638375e-01  -3.7277489e-01  -3.5130448e+00  -3.5634874e-01   2.3446934e+00
   2.0000000e+00   1.8294381e-01  -9.0063115e-01  -7.1455385e-01  -1.2666039e+00   1.3554507e+00   1.7181376e+00
   2.0000000e+00   9.1792277e-03   8.9476863e-02  -5.3746885e-01  -1.6732455e+00  -2.3023407e+00   2.5275508e-01
   2.0000000e+00  -1.6816814e+00   3.3086089e-01   4.7388647e-01  -1.1881672e+00  -3.1939565e-01  -4.0728481e-01
   2.0000000e+00  -1.6998677e-01   1.0558146e+00  -4.6900060e-01   9.1720604e-01  -2.7558350e-01  -1.1020921e+00
   2.0000000e+00   6.5713000e-01  -4.3131930e-01  -7.4764138e-01   1.7342004e+00   1.3551306e+00   1.4892207e+00
   2.0000000e+00  -6.8988131e-01  -5.9849123e-01  -6.6910417e-01  -1.6756221e+00   4.9359341e-01   2.7060353e-02
   2.0000000e+00   8.9435759e-01  -8.7631881e-01   4.9368853e-01  -2.3262061e-01  -8.7092247e-01   1.1052164e+00
   2.0000000e+00  -1.0126297e+00   1.3505982e+00   1.1759977e+00   7.9073694e-02   1.5294409e+00   1.7326234e-01
   2.0000000e+00   1.1656652e+00   7.0622507e-01   1.9119443e+00   8.3214269e-01  -1.2443814e+00   1.9022085e-01
   2.0000000e+00  -8.3559975e-01  -2.0182039e+00  -1.0957013e+00  -1.8265970e+00  -6.8657726e-02  -4.0606077e-01
   2.0000000e+00   7.8529571e-01  -6.2829845e-01   8.3865898e-01   1.4435619e+00  -1.0170801e+00  -1.2314624e+00
   1.0000000e+00   2.7897612e-01   5.3433465e-02  -9.4083399e-01  -4.2323464e-01   4.9229319e-01  -9.2823342e-01
   2.0000000e+00   1.3850058e+00  -4.3887710e-01   8.8415888e-01   1.5596161e-02  -2.3155189e+00   1.4717967e+00
   1.0000000e+00   6.4263297e-01   2.8528846e-01   3.1636508e-02  -1.0297175e+00  -6.0837598e-01  -1.1470326e+00
   2.0000000e+00   1.3660157e+00  -1.7951536e+00  -8.9387073e-01  -2.2597844e-01   8.2482821e-01   9.5604378e-01
   2.0000000e+00  -1.1615474e+00  -4.2896797e-01   3.5989639e-01  -1.2387456e+00  -1.0418877e+00  -1.5324282e+00
   2.0000000e+00   2.3079698e-01   2.4579135e+00   1.4715389e+00  -2.1012103e-02  -3.5933606e-01  -1.5088414e+00
   2.0000000e+00   1.0353333e+00   9.1075568e-01   6.2649539e-01   1.1916667e-01  -4.4328490e-02   2.2412865e-01
   1.0000000e+00   4.3909101e-01  -2.6131804e-01  -2.3982591e+00   3.2680339e-01   2.9659328e-01   9.6520882e-01
   2.0000000e+00  -2.9042373e-01   8.7380679e-01  -1.4579000e+00  -8.2581438e-01   8.0418450e-01   1.5196355e+00
   2.0000000e+00   8.6952077e-02   7.8653258e-01  -1.8073937e-01  -1.7313315e+00  -1.4503658e+00  -7.5156002e-01
   2.0000000e+00  -6.1065103e-01   1.0285605e+00   1.7815037e+00  -1.6408782e+00   5.5613354e-02  -6.1930663e-01
   1.0000000e+00   7.8661836e-01  -5.1684397e-02  -9.2376041e-01  -6.7140217e-01   1.5886421e-01  -1.5371546e+00
   2.0000000e+00  -1.0244147e-02  -1.3835614e-01   8.7557226e-01   1.7490382e+00   2.1192616e-01  -1.1051589e+00
   2.0000000e+00  -1.5795671e-01   1.1181338e+00  -5.2216564e-01   2.1550476e+00  -1.0221502e+00  -1.3460111e-01
   2.0000000e+00  -8.4014228e-01  -8.9409363e-01   2.8831071e-01   3.5445886e-01   4.2881212e-01  -7.2333257e-01
   2.0000000e+00  -3.1231531e-01   1.8370919e-01  -3.2902155e-01   9.1169453e-01  -7.8881768e-01  -8.7713214e-02
   2.0000000e+00  -1.6285243e+00   1.1967748e+00  -5.1671910e-01   4.2372529e-01  -7.0860809e-01  -1.5011765e+00
   2.0000000e+00   8.6587788e-01   1.5386705e-01   2.9113503e-01  -1.9738660e+00   1.6947738e+00   3.9499006e-02
   2.0000000e+00   7.7299698e-01   1.0101730e+00   7.5266205e-01  -6.3664454e-01  -1.3936826e+00   1.0554842e+00
   2.0000000e+00   1.1710809e+00   6.3440341e-01   5.4209286e-01   6.8086303e-02  -3.6738858e-01  -3.2158158e-01
   2.0000000e+00   8.8408712e-01  -1.3367010e+00   4.6440786e-01   2.8097146e-01  -4.7256503e-01   1.3965260e+00
