2.00000 -0.76297 -0.70361
2.00000 0.41517 0.13221
2.00000 1.67893 0.72373
2.00000 0.18009 -1.21244
2.00000 -0.01143 2.16746
2.00000 1.37138 0.16501
2.00000 2.39027 -0.70911
2.00000 -0.07497 2.05237
2.00000 -0.59547 -0.58559
2.00000 1.54378 0.39052
2.00000 1.11077 0.11318
2.00000 -0.75665 0.71402
2.00000 1.92570 -0.13787
1.00000 0.45261 -0.50571
2.00000 0.24598 -1.24548
2.00000 0.84204 0.81255
2.00000 -1.43462 -0.50292
1.00000 0.04813 0.36874
2.00000 -0.10549 1.54588
2.00000 -0.21474 0.04791
2.00000 1.68382 0.43916
2.00000 1.95966 0.80016
2.00000 2.16830 -1.79887
2.00000 -0.33383 -1.37417
2.00000 1.26287 -0.29217
2.00000 0.76313 -1.84093
2.00000 -0.46683 0.24752
2.00000 -0.27277 -0.82253
2.00000 0.39015 0.43091
2.00000 -0.28503 -0.60350
2.00000 -0.28245 -1.24771
2.00000 -1.68340 0.81970
2.00000 -0.66131 -1.03729
2.00000 -0.72213 -1.58899
2.00000 1.93696 0.16622
2.00000 -0.27581 -1.85397
1.00000 0.06155 0.28532
2.00000 -0.28523 -0.10702
2.00000 0.58031 1.82617
2.00000 0.38611 1.25886
2.00000 2.14157 0.75872
2.00000 -0.16005 -2.71815
2.00000 -1.40172 0.69657
2.00000 -0.03240 -0.58975
2.00000 1.47078 1.02378
2.00000 -0.18017 -0.21272
2.00000 1.50712 1.41987
2.00000 1.21348 0.84794
2.00000 -1.71710 2.23380
2.00000 0.51967 0.99674
1.00000 0.48098 0.32510
2.00000 -0.49960 2.19887
1.00000 0.03132 0.32850
2.00000 -0.79907 -1.78100
2.00000 1.51927 0.28212
2.00000 -0.16084 1.61766
2.00000 -0.14863 -0.21735
2.00000 1.35832 -0.46202
2.00000 -0.53762 -0.21605
2.00000 -0.10869 1.22455
2.00000 1.14499 0.48104
1.00000 0.13178 0.53768
2.00000 -0.38330 0.05156
2.00000 0.43525 -1.69147
2.00000 1.46447 0.34964
2.00000 0.89944 -3.21136
2.00000 -1.13608 1.39736
2.00000 -0.47728 0.05295
2.00000 2.10772 -2.99864
2.00000 -0.30355 0.96333
2.00000 0.44883 -1.82136
2.00000 -0.65319 0.85318
2.00000 1.16300 2.22388
2.00000 -0.38860 0.21725
2.00000 0.69256 1.11118
2.00000 -1.11452 1.64934
2.00000 -0.89870 -0.98106
2.00000 -0.12347 2.18202
2.00000 -1.11207 0.42367
2.00000 -1.27020 1.67215
2.00000 -2.27059 -0.24932
2.00000 1.04554 -0.09693
2.00000 -0.01336 2.27130
2.00000 1.40931 0.01020
2.00000 -0.92405 0.13686
2.00000 -0.64394 0.32079
1.00000 0.97207 0.05451
2.00000 -0.90131 0.10540
2.00000 -0.07906 -2.43185
2.00000 0.34655 -1.47049
2.00000 0.20302 1.57282
2.00000 -1.47987 0.21796
2.00000 -1.05460 0.52542
2.00000 0.21051 -1.77046
2.00000 -0.59592 -1.15920
2.00000 0.35716 -1.99126
2.00000 1.68545 0.64471
2.00000 1.02149 0.54518
2.00000 1.41457 -1.50231
2.00000 -0.92348 -0.79995
2.00000 -1.92874 0.10542
2.00000 1.14687 -0.56718
2.00000 0.79451 1.46940
1.00000 0.60777 0.74304
1.00000 0.43879 0.34407
1.00000 0.61752 -0.44836
1.00000 0.20660 0.61683
2.00000 -1.68344 1.41409
2.00000 -0.63115 0.17028
1.00000 0.59128 -0.09790
2.00000 1.33069 0.08861
2.00000 -0.24714 0.98384
2.00000 -0.41337 0.01633
2.00000 -0.78193 -0.55828
2.00000 1.46335 1.03214
2.00000 -0.02189 1.43969
2.00000 -0.55556 1.87271
1.00000 0.48680 -0.46122
2.00000 -1.11981 1.01898
2.00000 -1.05440 -1.58883
2.00000 0.11108 2.08490
2.00000 -0.07328 -0.44790
2.00000 -0.21272 -1.61511
1.00000 0.38561 0.89613
1.00000 0.70452 -0.15888
2.00000 1.69560 0.13452
2.00000 -1.34949 0.46441
2.00000 0.13752 1.18779
2.00000 -1.26075 -0.25099
2.00000 0.84489 -1.46506
2.00000 -0.28093 -2.11231
2.00000 0.66388 1.18322
2.00000 -0.36788 -1.13280
1.00000 0.74421 -0.39835
2.00000 -1.26854 0.03817
2.00000 0.02918 -2.57214
2.00000 -1.05912 1.30294
1.00000 0.49045 0.03310
2.00000 -0.23689 -0.53330
2.00000 1.03501 -0.26925
2.00000 -0.48542 0.09623
2.00000 -0.61923 0.47870
2.00000 0.07609 1.03922
2.00000 1.04854 -0.03980
2.00000 -0.52955 -1.49703
2.00000 -1.18900 0.90236
2.00000 1.34348 -1.25452
1.00000 0.84149 -0.01013
2.00000 1.21443 -0.27496
2.00000 -0.86736 1.14608
2.00000 1.36186 0.94811
2.00000 -0.53046 2.52062
2.00000 -1.12406 0.26595
2.00000 -1.15011 -2.58150
2.00000 -1.76402 1.13055
2.00000 -0.99519 -1.87393
2.00000 -1.23282 0.23922
2.00000 0.96973 0.80037
2.00000 1.11890 -0.09980
2.00000 -0.94525 0.45279
1.00000 0.24846 0.11771
2.00000 -0.90912 -0.71454
2.00000 -0.69968 2.40345
2.00000 2.54480 -1.05504
1.00000 0.06855 0.38248
2.00000 1.77879 -1.70642
2.00000 -0.88512 0.07772
2.00000 -0.72984 -0.67951
2.00000 0.88482 -1.75254
1.00000 0.63636 -0.46719
2.00000 1.35722 -0.64804
2.00000 0.79596 -0.39891
2.00000 1.46427 0.70543
2.00000 -0.50207 1.46556
1.00000 0.25776 -0.09102
2.00000 0.11660 -2.00533
2.00000 0.16218 -2.38618
2.00000 1.07271 0.21125
2.00000 0.37646 1.17240
2.00000 -1.50953 -1.42071
2.00000 0.68465 -0.86656
2.00000 0.89729 1.16489
2.00000 -1.05060 1.79690
1.00000 0.54650 0.57621
2.00000 0.04240 -1.47476
2.00000 -1.16821 0.43517
2.00000 0.24920 1.67108
2.00000 1.11774 0.13846
2.00000 0.02852 2.14827
2.00000 0.64039 1.03610
1.00000 0.54813 0.10508
2.00000 -0.26681 -0.35991
2.00000 -0.77576 1.22388
2.00000 1.57948 -0.41366
2.00000 0.95687 1.31360
2.00000 0.35042 1.24778
2.00000 -0.74686 0.34624
2.00000 1.15576 -0.11700
2.00000 1.66317 0.28364
2.00000 2.04180 -1.02435
2.00000 -0.00651 0.80315
2.00000 -0.88683 -0.26606
2.00000 -0.98765 1.23429
2.00000 0.32798 -1.84530
2.00000 -1.05757 0.62768
2.00000 -0.12380 -1.93824
2.00000 -0.74153 1.27621
1.00000 0.39331 0.72573
2.00000 -0.23004 -0.05706
2.00000 -1.00534 -1.54468
1.00000 0.50109 -0.04710
1.00000 0.22402 0.41912
2.00000 1.58382 -0.07410
2.00000 1.65496 0.60943
2.00000 -0.13764 -0.62460
1.00000 0.28295 0.88055
2.00000 2.13566 0.10504
2.00000 -0.75432 1.24999
2.00000 -0.48070 0.35390
2.00000 1.89187 1.91440
2.00000 -1.52625 2.43181
2.00000 -0.85636 0.31513
2.00000 -0.60282 1.20298
1.00000 0.13987 0.25163
2.00000 -0.10106 -0.35050
2.00000 -0.41953 -1.70846
2.00000 1.27576 1.86883
2.00000 1.22939 -0.76973
1.00000 0.40907 -0.09732
1.00000 0.00686 0.54525
2.00000 1.40377 -0.00190
1.00000 0.21107 0.69120
2.00000 -0.42051 -0.24189
2.00000 -0.98117 2.32600
2.00000 1.21194 0.39795
1.00000 0.27545 0.75261
2.00000 0.31258 1.04610
2.00000 -0.41953 1.35331
2.00000 2.62181 -0.78088
1.00000 0.00111 0.31613
1.00000 0.30429 0.10670
2.00000 -1.34530 -0.39082
1.00000 0.67346 0.50293
2.00000 -0.63935 0.56015
2.00000 -0.31834 -0.22512
2.00000 0.11719 1.23495
2.00000 -0.64114 1.30058
2.00000 -0.52642 -1.37675
2.00000 -0.67716 0.54569
2.00000 -0.06540 1.00691
2.00000 -1.92450 0.47188
2.00000 -0.56379 -0.11335
2.00000 0.83943 0.63495
2.00000 0.39175 0.93529
2.00000 -0.48063 -1.14784
2.00000 1.05632 -0.57271
2.00000 1.05316 0.85517
1.00000 0.56579 0.69187
2.00000 1.53224 0.09426
2.00000 1.78247 -0.27017
2.00000 -1.39652 0.59475
2.00000 -0.99618 0.57763
2.00000 0.22158 1.90114
1.00000 0.18330 0.62763
2.00000 -0.20078 2.09529
2.00000 1.41380 0.63995
2.00000 -0.26628 1.09797
2.00000 -0.36023 -1.14989
2.00000 -1.46383 1.19832
2.00000 -0.25916 -0.60104
2.00000 -1.96368 -0.40334
2.00000 -0.62149 -0.24829
2.00000 1.15020 -0.95384
1.00000 0.03156 0.78084
2.00000 -0.72308 -2.01139
2.00000 -0.69980 1.01487
2.00000 -0.93817 -0.08891
2.00000 1.28115 0.32357
1.00000 0.44192 -0.03170
2.00000 0.41132 -0.26145
2.00000 -0.78012 -1.35238
2.00000 0.21115 1.02583
2.00000 2.23419 -0.55755
2.00000 -1.15329 2.14589
2.00000 -0.11155 0.61331
1.00000 0.02488 -0.69755
2.00000 -0.09984 -3.51349
1.00000 0.07660 0.70811
2.00000 0.19356 -0.31233
1.00000 0.86145 0.34241
1.00000 0.21190 -0.93690
2.00000 1.24579 -0.88340
2.00000 -0.07115 0.26153
2.00000 1.33839 1.37800
2.00000 -0.36551 0.54165
2.00000 0.94555 -1.31448
2.00000 0.69830 -1.00083
1.00000 0.63178 -0.38005
2.00000 0.29988 0.95728
2.00000 -1.79023 0.45907
2.00000 1.48243 -0.73018
2.00000 -1.68712 0.96117
1.00000 0.34789 -0.65518
1.00000 0.19969 -0.62442
2.00000 -0.23577 0.30940
2.00000 0.53310 1.07131
2.00000 -1.91317 0.77879
2.00000 -0.75719 1.41087
2.00000 -0.77860 -0.06853
2.00000 -0.09032 -1.35275
2.00000 1.34176 -1.76235
2.00000 -0.92085 -1.24785
2.00000 0.12071 2.39446
2.00000 -1.13934 0.97127
2.00000 1.13176 1.03217
2.00000 -0.19787 -0.66608
2.00000 -0.45666 -0.07430
1.00000 0.26265 -0.32541
2.00000 1.80892 0.17326
2.00000 -0.11005 0.47341
1.00000 0.34656 0.40481
1.00000 0.71358 -0.41162
2.00000 0.12382 -2.60450
2.00000 -0.94001 -0.69089
2.00000 2.33520 -0.79201
2.00000 -0.12306 1.13245
2.00000 -1.26274 -0.37223
1.00000 0.77062 -0.09230
2.00000 0.70606 1.58951
2.00000 -0.28763 -1.00619
2.00000 1.18584 0.55906
2.00000 -0.97262 2.46623
1.00000 0.20926 -0.64448
1.00000 0.50475 -0.74217
1.00000 0.36459 -0.40204
2.00000 -0.77006 -1.40881
2.00000 -0.33385 0.40419
2.00000 1.05561 -0.24733
1.00000 0.05914 -0.27071
1.00000 0.28010 0.48770
2.00000 -1.29722 0.33160
2.00000 0.32719 -0.84423
2.00000 -0.32266 0.50451
2.00000 -0.35058 -0.98973
2.00000 -0.48232 1.60611
2.00000 -1.14743 -0.02740
1.00000 0.03059 0.43375
2.00000 1.07514 -1.44753
2.00000 -0.89066 1.22975
2.00000 -0.18053 1.05789
2.00000 -1.60749 -1.00934
2.00000 -1.58880 -0.84399
2.00000 -0.72261 1.54984
1.00000 0.78345 0.22105
2.00000 -1.24496 -0.23108
2.00000 -0.19163 0.43355
2.00000 -0.92356 -0.83360
2.00000 -1.26643 -0.46443
2.00000 -0.27852 -1.69204
1.00000 0.61767 0.49271
2.00000 -0.24339 -0.35439
2.00000 -0.20633 0.74880
1.00000 0.46724 0.61657
2.00000 -0.66342 -0.67509
1.00000 0.27000 -0.27759
2.00000 2.57426 0.67538
2.00000 -0.31642 -1.85032
1.00000 0.80384 -0.17810
2.00000 1.37197 -0.71140
1.00000 0.77813 0.33586
2.00000 -0.88200 0.44647
2.00000 -0.49089 0.44653
1.00000 0.05563 0.47632
2.00000 -0.18312 -0.35614
2.00000 -0.57532 1.14786
2.00000 0.58443 -0.93728
2.00000 -0.92092 -1.27643
2.00000 -0.90801 0.09353
2.00000 1.77490 0.81984
2.00000 -0.79016 0.02087
2.00000 -0.90914 -0.31119
1.00000 0.02765 -0.16606
2.00000 1.40805 0.08028
2.00000 -0.69905 0.06334
2.00000 -1.25556 0.90853
2.00000 1.72505 1.80748
1.00000 0.39824 -0.54873
2.00000 1.32936 0.26593
2.00000 1.83925 0.97852
2.00000 -0.20008 0.07295
1.00000 0.22180 0.04362
2.00000 -0.15725 0.32976
1.00000 0.09342 0.73498
2.00000 -1.20943 -0.13159
2.00000 -1.65478 2.46315
2.00000 -0.58727 0.79339
2.00000 -0.12431 1.78015
2.00000 -0.04422 -1.09742
2.00000 -1.79193 -0.35155
2.00000 0.62596 1.66744
2.00000 1.16521 0.90812
2.00000 -0.32157 -1.63469
2.00000 -0.80432 -0.49936
2.00000 -1.21912 -0.82158
1.00000 0.20310 0.80432
1.00000 0.67685 0.19181
2.00000 -1.60019 -0.49832
2.00000 -0.50142 -0.67364
2.00000 -0.06974 0.84778
2.00000 -0.45638 0.54699
1.00000 0.15382 0.00511
2.00000 2.33467 0.57012
2.00000 0.18763 -2.75137
1.00000 0.19040 0.44596
2.00000 -0.69786 1.97077
2.00000 -0.22548 1.54605
1.00000 0.47363 0.20326
2.00000 -0.26248 0.37420
2.00000 1.33614 1.39865
2.00000 0.42883 -0.44706
2.00000 -1.46522 -0.46765
2.00000 0.00679 1.56167
2.00000 0.82698 -1.51056
2.00000 -0.56806 0.11312
2.00000 -0.18725 -1.73185
2.00000 -1.32059 -2.63647
2.00000 -0.14353 0.78055
2.00000 1.30594 1.34828
2.00000 -0.19740 -1.42491
1.00000 0.80883 0.11594
2.00000 -0.09565 0.12510
1.00000 0.47407 -0.80792
2.00000 -1.56118 -0.85686
2.00000 2.15909 0.23770
2.00000 1.30546 1.76714
1.00000 0.45920 0.70489
2.00000 1.87218 2.03413
2.00000 -0.68803 1.26620
1.00000 0.28665 0.30443
2.00000 1.87102 0.04480
2.00000 -0.65938 -0.17155
1.00000 0.65340 0.43947
1.00000 0.29433 -0.62603
2.00000 0.54841 -1.55711
1.00000 0.47593 0.70038
2.00000 -0.64259 -0.17712
2.00000 1.41227 -0.18961
2.00000 -1.51822 -0.39625
2.00000 0.92703 0.59689
2.00000 -1.33143 0.89259
2.00000 -0.73736 0.95456
2.00000 -0.06270 1.24582
2.00000 0.70232 -0.87345
2.00000 -0.19945 -1.51254
2.00000 -1.28880 0.35061
2.00000 -0.02297 0.26558
2.00000 -2.05869 0.01560
2.00000 0.31111 1.17579
2.00000 1.47962 0.76367
2.00000 -1.76132 0.15375
2.00000 -0.44428 -0.85396
2.00000 -1.80037 0.93923
2.00000 -0.39689 1.29141
2.00000 0.33292 1.72785
2.00000 -1.54028 0.57126
2.00000 -0.00123 0.87685
2.00000 -0.73109 -0.44014
1.00000 0.04204 -0.35635
2.00000 0.18294 1.35545
2.00000 0.00918 -2.30234
2.00000 -1.68168 -0.31940
2.00000 -0.16999 -0.27558
2.00000 0.65713 1.35513
2.00000 -0.68988 0.49359
2.00000 0.89436 -0.87092
2.00000 -1.01263 1.52944
2.00000 1.16567 -1.24438
2.00000 -0.83560 -0.06866
2.00000 0.78530 -1.01708
1.00000 0.27898 0.49229
2.00000 1.38501 -2.31552
1.00000 0.64263 -0.60838
2.00000 1.36602 0.82483
2.00000 -1.16155 -1.04189
2.00000 0.23080 -0.35934
2.00000 1.03533 -0.04433
1.00000 0.43909 0.29659
2.00000 -0.29042 0.80418
2.00000 0.08695 -1.45037
2.00000 -0.61065 0.05561
1.00000 0.78662 0.15886
2.00000 -0.01024 0.21193
2.00000 -0.15796 -1.02215
2.00000 -0.84014 0.42881
2.00000 -0.31232 -0.78882
2.00000 -1.62852 -0.70861
2.00000 0.86588 1.69477
2.00000 0.77300 -1.39368
2.00000 1.17108 -0.36739
2.00000 0.88409 -0.47257
